date,under 65 admissions,65 to 84 admissions,over 85 admissions
2020-11-01,,,
2020-11-02,29.064657878217197,33.96901072705602,33.25608342989571
2020-11-03,24.858757062146893,34.147794994040524,30.243337195828506
2020-11-04,29.943502824858758,35.99523241954708,33.719582850521434
2020-11-05,26.239799121155055,35.518474374255064,36.384704519119346
2020-11-06,25.235404896421848,31.40643623361144,28.041714947856317
2020-11-07,28.750784682988073,34.207389749702024,31.286210892236383
2020-11-08,29.566854990583803,40.76281287246722,36.848203939745076
2020-11-09,31.763967357187695,41.12038140643624,39.39745075318656
2020-11-10,31.889516635279346,42.37187127532777,41.13557358053303
2020-11-11,35.02824858757062,43.86174016686532,45.42294322132097
2020-11-12,35.09102322661645,43.80214541120381,40.092699884125146
2020-11-13,30.69679849340866,39.8092967818832,29.31633835457706
2020-11-14,30.131826741996232,37.842669845053635,31.286210892236383
2020-11-15,30.634023854362834,40.524433849821214,34.64658169177289
2020-11-16,31.010671688637792,43.5041716328963,38.93395133256084
2020-11-17,31.387319522912744,40.76281287246722,35.573580533024334
2020-11-18,34.02385436283741,41.597139451728246,38.006952491309384
2020-11-19,31.198995605775266,38.61740166865316,38.70220162224797
2020-11-20,26.99309478970496,35.220500595947556,34.183082271147164
2020-11-21,26.741996233521657,32.657926102502984,32.21320973348784
2020-11-22,29.064657878217197,33.07508939213349,36.50057937427578
2020-11-23,31.387319522912744,35.280095351609056,33.719582850521434
2020-11-24,27.244193345888263,33.43265792610251,32.4449594438007
2020-11-25,29.629629629629626,37.06793802145411,37.07995365005794
2020-11-26,24.733207784055242,30.33373063170441,33.83545770567787
2020-11-27,22.849968612680478,27.234803337306317,27.11471610660487
2020-11-28,20.025109855618332,27.35399284862932,33.25608342989571
2020-11-29,24.921531701192716,30.572109654350417,35.34183082271147
2020-11-30,24.042686754551163,31.346841477949937,35.4577056778679
2020-12-01,26.741996233521657,31.168057210965433,34.762456546929315
2020-12-02,25.925925925925924,32.06197854588796,35.573580533024334
2020-12-03,27.558066541117388,34.50536352800954,36.73232908458864
2020-12-04,25.04708097928437,29.61859356376639,36.03707995365006
2020-12-05,23.540489642184557,30.69129916567342,32.79258400926999
2020-12-06,25.423728813559322,34.088200238379024,38.70220162224797
2020-12-07,28.876333961079727,36.591179976162095,45.30706836616454
2020-12-08,31.387319522912744,38.61740166865316,44.0324449594438
2020-12-09,31.952291274325173,37.18712753277711,48.319814600231744
2020-12-10,30.69679849340866,37.60429082240763,46.69756662804171
2020-12-11,30.257376020087882,35.39928486293206,42.98957126303592
2020-12-12,30.32015065913371,40.107270560190706,49.826187717265356
2020-12-13,32.7683615819209,38.91537544696067,46.46581691772885
2020-12-14,34.58882611424984,43.3253873659118,53.070683661645425
2020-12-15,34.149403640929066,44.93444576877235,50.05793742757822
2020-12-16,36.53483992467043,46.781883194278905,49.71031286210892
2020-12-17,40.48964218455744,46.5435041716329,51.79606025492468
2020-12-18,37.53923414940364,41.775923718712754,43.22132097334878
2020-12-19,41.30571249215317,44.93444576877235,46.349942062572424
2020-12-20,47.018204645323294,46.18593563766388,52.37543453070683
2020-12-21,49.152542372881356,51.01311084624554,55.040556199304746
2020-12-22,51.726302573760194,54.29082240762813,54.22943221320974
2020-12-23,46.82988072818581,47.735399284862936,48.08806488991888
2020-12-24,43.251726302573765,43.56376638855781,42.06257242178447
2020-12-25,48.5247959824231,46.42431466030989,44.26419466975666
2020-12-26,55.74387947269304,54.70798569725864,55.272305909617614
2020-12-27,67.2316384180791,59.11799761620977,58.16917728852838
2020-12-28,69.05210295040803,66.26936829559,64.77404403244495
2020-12-29,71.1864406779661,68.41477949940405,66.85979142526072
2020-12-30,72.9441305712492,64.30274135876043,69.17728852838934
2020-12-31,63.02573760200879,62.038140643623365,55.73580533024334
2021-01-01,71.62586315128688,75.68533969010727,69.40903823870221
2021-01-02,75.3923414940364,78.66507747318236,72.30590961761297
2021-01-03,84.93408662900188,79.4994040524434,76.94090382387022
2021-01-04,87.88449466415568,86.3528009535161,85.51564310544612
2021-01-05,90.83490269930948,89.69010727056019,85.8632676709154
2021-01-06,97.99121155053359,97.37783075089392,89.45538818076477
2021-01-07,92.09039548022598,93.74255065554232,93.74275782155273
2021-01-08,82.98807281858129,88.67699642431465,85.51564310544612
2021-01-09,86.88010043942246,93.3849821215733,88.87601390498261
2021-01-10,79.53546767106089,90.40524433849822,91.19351100811124
2021-01-11,95.10357815442562,94.75566150178784,91.42526071842411
2021-01-12,100.0,100.0,100.0
2021-01-13,92.27871939736346,96.7818831942789,86.21089223638471
2021-01-14,90.646578782172,88.14064362336114,87.48551564310544
2021-01-15,78.84494664155682,81.22765196662694,77.52027809965237
2021-01-16,86.691776522285,84.38617401668654,89.10776361529548
2021-01-17,79.28436911487758,83.90941597139452,87.13789107763616
2021-01-18,87.69617074701821,92.01430274135876,89.22363847045192
2021-01-19,94.78970495919648,89.69010727056019,87.13789107763616
2021-01-20,92.34149403640929,86.05482717520859,88.18076477404404
2021-01-21,81.7953546767106,78.06912991656733,71.72653534183083
2021-01-22,79.97489014438167,69.30870083432657,66.74391657010429
2021-01-23,66.03892027620842,67.04410011918951,69.87253765932793
2021-01-24,71.1864406779661,66.92491060786651,65.70104287369641
2021-01-25,68.92655367231639,63.647199046483905,55.96755504055619
2021-01-26,69.74262397991211,66.507747318236,66.28041714947857
2021-01-27,69.30320150659134,63.82598331346841,65.70104287369641
2021-01-28,68.2360326428123,65.01787842669845,62.6882966396292
2021-01-29,60.32642812303829,56.37663885578069,54.692931633835464
2021-01-30,52.416823603264284,52.56257449344458,55.272305909617614
2021-01-31,53.35844318895167,54.11203814064363,49.2468134414832
2021-02-01,60.8286252354049,54.94636471990465,52.83893395133256
2021-02-02,51.286880100439426,56.4958283671037,52.954808806489
2021-02-03,49.90583804143126,51.37067938021455,50.869061413673236
2021-02-04,47.58317639673572,45.947556615017874,43.684820393974505
2021-02-05,45.26051475204017,41.23957091775924,39.74507531865585
2021-02-06,41.49403640929064,38.79618593563766,42.5260718424102
2021-02-07,43.87947269303202,37.06793802145411,40.44032444959444
2021-02-08,45.5743879472693,40.82240762812873,37.54345307068366
2021-02-09,38.731952291274325,36.8295589988081,34.29895712630359
