,under 65 cases,65 to 84 cases,over 85 cases
-20,23.953607209774074,34.48884609212005,41.15128449096099
-19,25.517583115254183,36.27026159524956,37.107516650808755
-18,27.09859242168507,36.09372492376826,36.06089438629876
-17,22.236330695737006,39.31953137538116,38.34443387250238
-16,25.029808451663854,28.31006259027443,26.974310180780208
-15,40.85228944393688,33.84689455946076,23.215984776403424
-14,40.426454420167545,51.3882201893757,50.428163653663184
-13,41.94087861379086,52.60792810142835,47.14557564224548
-12,41.179021043992634,49.077194671802275,40.29495718363464
-11,44.26516359807368,37.024554646124216,29.352997145575642
-10,30.05621022313755,20.028887818969668,16.69838249286394
-9,40.81202867805324,45.642753972075106,34.300666032350144
-8,59.37533873240527,52.12646445193387,39.581351094196
-7,56.75529196797721,55.17573423206548,42.48334919124643
-6,52.340544139735826,97.89760873054084,88.01141769743101
-5,39.951067684541414,88.2522869523351,66.69838249286394
-4,17.14798928444231,68.31969186326432,50.66603235014272
-3,51.295312717756545,44.06997271705986,37.58325404376784
-2,59.42489044426207,73.95281656234954,61.84586108468125
-1,55.282677031233064,63.5852993099021,53.615604186489065
0,100.0,100.0,100.0
1,86.732529150343,88.91028727331086,94.33872502378688
2,64.0424905929172,79.29706307173808,82.15984776403425
3,38.21366078756252,76.19964692665704,76.30827783063748
4,74.76733922792239,68.80115551275878,84.25309229305424
5,68.82423078709797,53.55480661210079,60.418648905804
6,94.08940987008161,48.756218905472636,49.096098953377734
7,78.29170473373698,81.23896645803241,97.71646051379639
8,69.16489880611344,70.80725405231905,91.72216936251189
9,62.7154338097524,63.80998234633285,75.2616555661275
10,56.2195140835256,59.99037072701011,73.21598477640342
11,47.74462286501804,57.35836944310705,69.17221693625119
12,44.58724972514285,41.325629914941416,41.294005708848715
13,69.6108642128246,37.65045739046702,37.58325404376784
14,59.449666300190465,62.526079281014276,76.21313035204567
15,55.192864553492626,56.058417589472,73.21598477640342
16,51.538425804053944,49.38212164981544,65.08087535680305
17,49.21878629275771,44.55143636655433,50.428163653663184
18,37.52767927654501,43.042850264805004,47.19314938154139
19,35.768593505628765,30.20381961161932,31.68411037107517
20,54.64469874107682,23.960840956507784,24.976213130352047
21,47.972251041360195,43.37987481945113,54.90009514747859
22,42.36206816457362,39.1911410688493,49.38154138915319
23,38.67820808621998,35.17894398972878,42.34062797335871
24,36.07364623174716,34.24811426737281,39.343482397716464
25,26.883352173307113,32.9160648371048,36.726926736441484
26,20.87520711067065,22.676937891189215,19.2197906755471
27,36.11081001563976,20.301717220349865,20.266412940057087
28,32.5322473249818,31.182795698924732,39.153187440532825
29,31.264033199646946,26.961964371689938,35.10941960038059
30,29.294352653339324,26.400256780613063,30.16175071360609
