date,0-19,20-39,40-59,60+
2021-04-01,966.4285714285714,1126.7142857142858,892.4285714285714,261.14285714285717
2021-04-02,897.0,1060.857142857143,833.2857142857143,243.0
2021-04-03,848.8571428571429,1013.0,804.8571428571429,235.0
2021-04-04,701.4285714285714,935.8571428571429,732.0,222.0
2021-04-05,672.7142857142857,875.8571428571429,689.7142857142857,212.14285714285714
2021-04-06,635.4285714285714,865.0,681.0,210.57142857142858
2021-04-07,591.8571428571429,856.1428571428571,654.8571428571429,208.28571428571428
2021-04-08,562.1428571428571,852.4285714285714,633.5714285714286,207.71428571428572
2021-04-09,551.8571428571429,874.8571428571429,643.4285714285714,213.42857142857142
2021-04-10,540.8571428571429,874.2857142857143,632.0,218.14285714285714
2021-04-11,540.0,880.1428571428571,624.7142857142857,216.57142857142858
2021-04-12,530.5714285714286,891.8571428571429,626.8571428571429,218.14285714285714
2021-04-13,516.7142857142857,859.4285714285714,589.1428571428571,211.85714285714286
2021-04-14,488.42857142857144,826.0,564.7142857142857,207.71428571428572
2021-04-15,471.57142857142856,786.0,533.2857142857143,200.14285714285714
2021-04-16,460.7142857142857,757.0,506.7142857142857,193.71428571428572
2021-04-17,442.85714285714283,729.2857142857143,483.57142857142856,180.42857142857142
2021-04-18,483.14285714285717,724.2857142857143,482.85714285714283,178.71428571428572
2021-04-19,489.57142857142856,716.7142857142857,468.0,178.85714285714286
2021-04-20,500.7142857142857,720.8571428571429,463.14285714285717,173.42857142857142
2021-04-21,527.7142857142857,724.4285714285714,458.57142857142856,173.85714285714286
2021-04-22,534.5714285714286,729.2857142857143,457.42857142857144,175.14285714285714
2021-04-23,529.2857142857143,722.0,444.57142857142856,169.28571428571428
2021-04-24,531.5714285714286,710.5714285714286,437.14285714285717,170.85714285714286
2021-04-25,502.2857142857143,700.7142857142857,426.7142857142857,170.14285714285714
2021-04-26,504.2857142857143,701.0,426.42857142857144,163.71428571428572
2021-04-27,503.57142857142856,675.7142857142857,422.0,159.57142857142858
2021-04-28,508.7142857142857,664.1428571428571,420.7142857142857,151.57142857142858
2021-04-29,507.42857142857144,649.4285714285714,418.7142857142857,146.14285714285714
2021-04-30,505.0,632.2857142857143,416.0,143.42857142857142
2021-05-01,503.2857142857143,630.2857142857143,414.7142857142857,138.0
2021-05-02,475.0,603.8571428571429,395.14285714285717,132.71428571428572
2021-05-03,478.0,566.7142857142857,378.57142857142856,127.42857142857143
2021-05-04,506.0,579.0,387.0,128.14285714285714
2021-05-05,508.42857142857144,578.8571428571429,389.7142857142857,126.0
2021-05-06,516.2857142857143,583.2857142857143,391.0,125.0
2021-05-07,526.4285714285714,593.8571428571429,393.7142857142857,123.28571428571429
2021-05-08,533.4285714285714,597.4285714285714,392.14285714285717,125.14285714285714
2021-05-09,569.0,625.7142857142857,416.7142857142857,127.42857142857143
2021-05-10,589.5714285714286,664.2857142857143,426.85714285714283,125.85714285714286
2021-05-11,568.0,656.0,416.7142857142857,123.71428571428571
2021-05-12,548.5714285714286,646.1428571428571,410.2857142857143,121.42857142857143
2021-05-13,540.2857142857143,641.5714285714286,403.85714285714283,119.14285714285714
2021-05-14,547.7142857142857,629.2857142857143,398.57142857142856,115.14285714285714
2021-05-15,553.5714285714286,632.0,397.42857142857144,114.85714285714286
2021-05-16,537.7142857142857,618.2857142857143,382.42857142857144,112.42857142857143
2021-05-17,546.8571428571429,612.1428571428571,386.2857142857143,116.14285714285714
2021-05-18,582.4285714285714,629.4285714285714,392.85714285714283,113.71428571428571
2021-05-19,622.0,644.8571428571429,396.14285714285717,113.42857142857143
2021-05-20,641.4285714285714,657.5714285714286,400.14285714285717,113.71428571428571
2021-05-21,660.8571428571429,674.8571428571429,407.57142857142856,118.71428571428571
2021-05-22,678.5714285714286,683.1428571428571,418.0,122.14285714285714
2021-05-23,697.2857142857143,694.1428571428571,433.2857142857143,123.14285714285714
2021-05-24,717.5714285714286,716.0,443.2857142857143,124.28571428571429
2021-05-25,742.5714285714286,752.4285714285714,456.14285714285717,127.85714285714286
2021-05-26,771.1428571428571,823.5714285714286,476.7142857142857,135.57142857142858
2021-05-27,826.4285714285714,889.5714285714286,498.57142857142856,142.0
2021-05-28,866.7142857142857,957.8571428571429,530.8571428571429,147.14285714285714
2021-05-29,901.0,1020.1428571428571,555.8571428571429,148.0
2021-05-30,916.8571428571429,1081.7142857142858,569.4285714285714,156.0
2021-05-31,915.2857142857143,1135.2857142857142,581.0,156.14285714285714
2021-06-01,943.7142857142857,1284.5714285714287,627.5714285714286,166.14285714285714
2021-06-02,976.7142857142857,1451.7142857142858,682.5714285714286,174.28571428571428
2021-06-03,1014.4285714285714,1645.4285714285713,731.8571428571429,181.42857142857142
2021-06-04,1050.142857142857,1822.857142857143,783.7142857142857,189.85714285714286
2021-06-05,1086.0,1951.2857142857142,818.2857142857143,200.57142857142858
2021-06-06,1167.7142857142858,2101.4285714285716,878.5714285714286,205.0
2021-06-07,1296.5714285714287,2368.714285714286,966.2857142857143,224.85714285714286
2021-06-08,1379.2857142857142,2542.1428571428573,1001.0,233.0
2021-06-09,1447.142857142857,2694.1428571428573,1027.4285714285713,244.14285714285714
2021-06-10,1501.857142857143,2818.4285714285716,1061.7142857142858,253.0
2021-06-11,1577.5714285714287,2938.4285714285716,1078.7142857142858,268.7142857142857
2021-06-12,1641.4285714285713,3037.4285714285716,1107.142857142857,277.57142857142856
2021-06-13,1713.5714285714287,3127.4285714285716,1121.7142857142858,286.14285714285717
2021-06-14,1826.4285714285713,3256.285714285714,1167.0,298.2857142857143
2021-06-15,1973.7142857142858,3408.0,1208.5714285714287,305.57142857142856
2021-06-16,2117.1428571428573,3563.714285714286,1249.4285714285713,313.2857142857143
2021-06-17,2277.0,3719.285714285714,1305.0,323.0
2021-06-18,2407.5714285714284,3849.714285714286,1346.5714285714287,329.7142857142857
2021-06-19,2507.1428571428573,3952.1428571428573,1381.0,333.57142857142856
2021-06-20,2622.8571428571427,4083.285714285714,1425.4285714285713,342.0
2021-06-21,2826.8571428571427,4317.285714285715,1511.0,349.2857142857143
2021-06-22,3036.285714285714,4601.428571428572,1614.857142857143,373.57142857142856
2021-06-23,3304.4285714285716,4937.571428571428,1735.4285714285713,398.0
2021-06-24,3570.4285714285716,5287.142857142857,1874.5714285714287,430.0
2021-06-25,3873.0,5656.714285714285,2032.2857142857142,458.57142857142856
2021-06-26,4176.0,6054.0,2186.1428571428573,496.0
2021-06-27,4526.428571428572,6494.714285714285,2355.8571428571427,540.5714285714286
2021-06-28,5076.285714285715,7115.571428571428,2616.1428571428573,605.2857142857143
2021-06-29,5533.428571428572,7708.714285714285,2851.1428571428573,671.7142857142857
2021-06-30,5949.285714285715,8261.142857142857,3109.5714285714284,730.5714285714286
2021-07-01,6342.571428571428,8836.142857142857,3348.5714285714284,794.7142857142857
2021-07-02,6666.285714285715,9267.857142857143,3556.4285714285716,862.2857142857143
2021-07-03,6982.857142857143,9697.857142857143,3754.714285714286,920.7142857142857
2021-07-04,7274.285714285715,10039.0,3970.5714285714284,968.8571428571429
2021-07-05,7544.285714285715,10467.42857142857,4157.142857142857,1033.142857142857
2021-07-06,7852.857142857143,11016.42857142857,4419.285714285715,1094.5714285714287
2021-07-07,8184.857142857143,11772.285714285714,4693.571428571428,1173.4285714285713
2021-07-08,8360.42857142857,12140.0,4896.285714285715,1230.857142857143
2021-07-09,8610.857142857143,12551.57142857143,5124.428571428572,1302.2857142857142
2021-07-10,8787.714285714286,12779.0,5328.428571428572,1367.4285714285713
2021-07-11,8975.57142857143,13102.42857142857,5546.428571428572,1437.857142857143
2021-07-12,9343.42857142857,13675.42857142857,5929.285714285715,1557.4285714285713
2021-07-13,9706.57142857143,14509.857142857143,6257.714285714285,1650.857142857143
2021-07-14,10216.714285714286,15690.857142857143,6688.571428571428,1782.5714285714287
2021-07-15,11060.142857142857,17873.714285714286,7359.142857142857,1960.142857142857
2021-07-16,11682.142857142857,19592.0,7933.285714285715,2137.285714285714
2021-07-17,11933.57142857143,20314.714285714286,8225.285714285714,2258.8571428571427
2021-07-18,12079.57142857143,20668.14285714286,8426.142857142857,2353.4285714285716
2021-07-19,12021.0,20836.14285714286,8610.714285714286,2458.4285714285716
2021-07-20,11721.285714285714,20105.85714285714,8556.57142857143,2516.714285714286
2021-07-21,11077.714285714286,18501.85714285714,8225.57142857143,2491.1428571428573
2021-07-22,10106.285714285714,16015.142857142857,7602.714285714285,2399.285714285714
2021-07-23,9249.285714285714,13890.285714285714,6980.428571428572,2274.5714285714284
2021-07-24,8777.42857142857,12754.57142857143,6577.428571428572,2170.714285714286
2021-07-25,8282.285714285714,11860.42857142857,6160.857142857143,2082.0
2021-07-26,7620.714285714285,10840.142857142857,5600.428571428572,1965.7142857142858
2021-07-27,7173.857142857143,10380.142857142857,5213.857142857143,1874.2857142857142
2021-07-28,6880.0,10371.714285714286,4921.857142857143,1795.7142857142858
2021-07-29,6678.714285714285,10470.285714285714,4746.714285714285,1735.142857142857
2021-07-30,6471.285714285715,10497.0,4623.285714285715,1691.857142857143
2021-07-31,6287.0,10507.42857142857,4552.857142857143,1674.0
2021-08-01,6111.571428571428,10571.57142857143,4535.285714285715,1656.2857142857142
2021-08-02,5956.714285714285,10691.857142857143,4591.142857142857,1640.857142857143
2021-08-03,5846.428571428572,10834.57142857143,4663.714285714285,1677.857142857143
2021-08-04,5738.142857142857,11002.57142857143,4813.0,1741.4285714285713
2021-08-05,5719.571428571428,11193.57142857143,4952.142857142857,1820.4285714285713
2021-08-06,5730.428571428572,11347.714285714286,5096.714285714285,1900.0
2021-08-07,5713.142857142857,11442.57142857143,5184.0,1948.7142857142858
2021-08-08,5718.714285714285,11504.714285714286,5268.428571428572,2009.5714285714287
2021-08-09,5745.428571428572,11539.0,5361.0,2094.714285714286
2021-08-10,5741.857142857143,11466.714285714286,5467.571428571428,2146.714285714286
2021-08-11,5737.571428571428,11344.285714285714,5554.714285714285,2221.4285714285716
2021-08-12,5702.428571428572,11163.42857142857,5626.0,2300.0
2021-08-13,5718.714285714285,11032.142857142857,5703.857142857143,2358.714285714286
2021-08-14,5858.142857142857,10930.57142857143,5803.857142857143,2421.714285714286
2021-08-15,5989.285714285715,10813.0,5884.714285714285,2491.1428571428573
2021-08-16,6281.857142857143,10677.714285714286,6008.571428571428,2568.0
2021-08-17,6791.0,10505.142857142857,6075.857142857143,2640.1428571428573
2021-08-18,7177.0,10307.857142857143,6146.142857142857,2695.5714285714284
2021-08-19,7396.714285714285,10149.42857142857,6230.857142857143,2739.714285714286
2021-08-20,7530.142857142857,10001.714285714286,6282.142857142857,2780.4285714285716
2021-08-21,7589.428571428572,9960.714285714286,6376.714285714285,2845.0
2021-08-22,7616.142857142857,9920.285714285714,6494.428571428572,2899.0
2021-08-23,7462.714285714285,9770.857142857143,6604.142857142857,3024.8571428571427
2021-08-24,7100.571428571428,9542.42857142857,6723.428571428572,3099.714285714286
2021-08-25,6805.571428571428,9197.714285714286,6804.142857142857,3165.285714285714
2021-08-26,6641.714285714285,8885.142857142857,6865.428571428572,3225.4285714285716
2021-08-27,6571.428571428572,8699.57142857143,6892.857142857143,3271.285714285714
2021-08-28,6502.428571428572,8478.142857142857,6851.0,3252.5714285714284
2021-08-29,6425.428571428572,8183.0,6767.571428571428,3249.285714285714
2021-08-30,6412.0,7764.428571428572,6574.0,3123.1428571428573
2021-08-31,6925.571428571428,7807.428571428572,6704.285714285715,3195.714285714286
2021-09-01,7447.857142857143,7798.285714285715,6734.285714285715,3181.0
2021-09-02,7964.428571428572,7802.857142857143,6789.857142857143,3187.714285714286
2021-09-03,8432.42857142857,7811.142857142857,6902.285714285715,3224.5714285714284
2021-09-04,8689.57142857143,7867.285714285715,7003.285714285715,3278.5714285714284
2021-09-05,8998.857142857143,8012.285714285715,7124.428571428572,3307.285714285714
2021-09-06,9612.42857142857,8191.285714285715,7368.857142857143,3409.8571428571427
2021-09-07,9453.285714285714,7840.0,7176.142857142857,3326.1428571428573
2021-09-08,9152.714285714286,7464.285714285715,7029.428571428572,3309.1428571428573
2021-09-09,8858.142857142857,7115.571428571428,6839.571428571428,3273.285714285714
2021-09-10,8514.57142857143,6747.428571428572,6561.285714285715,3178.8571428571427
2021-09-11,8334.42857142857,6419.571428571428,6265.571428571428,3070.8571428571427
2021-09-12,8313.142857142857,6068.142857142857,5984.571428571428,2945.285714285714
2021-09-13,8178.857142857143,5640.857142857143,5600.285714285715,2786.0
2021-09-14,8195.57142857143,5289.428571428572,5337.857142857143,2637.0
2021-09-15,8363.0,4988.857142857143,5172.714285714285,2491.8571428571427
2021-09-16,8584.0,4745.857142857143,5023.857142857143,2353.4285714285716
2021-09-17,8988.714285714286,4615.285714285715,5017.142857142857,2286.1428571428573
2021-09-18,9537.42857142857,4569.0,5105.285714285715,2255.285714285714
2021-09-19,10335.285714285714,4580.857142857143,5249.285714285715,2262.5714285714284
2021-09-20,11188.142857142857,4548.428571428572,5421.428571428572,2239.1428571428573
2021-09-21,12041.0,4567.285714285715,5651.571428571428,2248.285714285714
2021-09-22,12661.857142857143,4605.571428571428,5855.0,2273.0
2021-09-23,13194.0,4630.857142857143,6110.0,2313.8571428571427
2021-09-24,13479.857142857143,4646.857142857143,6265.428571428572,2324.285714285714
2021-09-25,13622.57142857143,4647.285714285715,6398.142857142857,2352.5714285714284
2021-09-26,13710.142857142857,4662.0,6561.0,2372.8571428571427
2021-09-27,13820.42857142857,4692.714285714285,6734.142857142857,2405.285714285714
2021-09-28,13614.142857142857,4698.714285714285,6790.0,2414.8571428571427
2021-09-29,13548.57142857143,4703.571428571428,6831.857142857143,2422.1428571428573
2021-09-30,13391.142857142857,4670.0,6814.0,2409.4285714285716
2021-10-01,13180.857142857143,4637.571428571428,6795.0,2425.1428571428573
